

center_x = -1.537594 
center_y = 62.245604 
center_z = 25.553625

size_x = 25
size_y = 25
size_z = 25

exhaustiveness = 8

num_modes = 1